73 75
74 76
133 135
134 136
193 195
194 196
253 255
254 256
313 315
314 316
373 375
374 376
433 435
434 436
493 495
494 496
553 555
554 556
613 615
614 616
673 675
674 676
733 735
734 736
793 795
794 796
853 855
854 856
913 915
914 916
973 975
974 976
1033 1035
1034 1036
1093 1095
1094 1096
1153 1155
1154 1156
1213 1215
1214 1216
1273 1275
1274 1276
1333 1335
1334 1336
1393 1395
1394 1396
1453 1455
1454 1456
1513 1515
1514 1516
1573 1575
1574 1576
1633 1635
1634 1636
1693 1695
1694 1696
1753 1755
1754 1756
29 75
30 76
73 135
74 136
133 195
134 196
193 255
194 256
253 315
254 316
313 375
314 376
373 435
374 436
433 495
434 496
493 555
494 556
553 615
554 616
613 675
614 676
673 735
674 736
733 795
734 796
793 855
794 856
853 915
854 916
913 975
914 976
973 1035
974 1036
1033 1095
1034 1096
1093 1155
1094 1156
1153 1215
1154 1216
1213 1275
1214 1276
1273 1335
1274 1336
1333 1395
1334 1396
1393 1455
1394 1456
1453 1515
1454 1516
1513 1575
1514 1576
1573 1635
1574 1636
1633 1695
1634 1696
1693 1755
1694 1756
