13 15
14 16
73 75
74 76
133 135
134 136
193 195
194 196
253 255
254 256
313 315
314 316
373 375
374 376
433 435
434 436
493 495
494 496
553 555
554 556
613 615
614 616
673 675
674 676
733 735
734 736
793 795
794 796
853 855
854 856
913 915
914 916
973 975
974 976
1033 1035
1034 1036
1093 1095
1094 1096
1153 1155
1154 1156
1213 1215
1214 1216
1273 1275
1274 1276
1333 1335
1334 1336
1393 1395
1394 1396
1453 1455
1454 1456
1513 1515
1514 1516
1573 1575
1574 1576
1633 1635
1634 1636
1693 1695
1694 1696
1753 1755
1754 1756
