
Volume 604869

 Core 153.812 91.5847
0 -5.28792 0
0 -5.22344 0
0 -5.29131 0
0 -5.22877 0
0 -5.29477 0
0 -5.23432 0
0 -5.29831 0
0 -5.24009 0
0 -5.30193 0
0 -5.24611 0
0 -5.30563 0
0 -5.25236 0
0 -5.30941 0
0 -5.25886 0
0 -5.31328 0
0 -5.2656 0
0 -5.31722 0
0 -5.2726 0
0 -5.32125 0
0 -5.27984 0
0 -5.32535 0
0 -5.28732 0
0 -5.32954 0
0 -5.29503 0
0 -5.33379 0
0 -5.30296 0
0 -5.33811 0
0 -5.31109 0
0 -5.3425 0
0 -5.31941 0
0 -5.34694 0
0 -5.32789 0
0 -5.35142 0
0 -5.3365 0
0 -5.35594 0
0 -5.34523 0
0 -5.36049 0
0 -5.35404 0
0 -5.36505 0
0 -5.3629 0
0 5.36505 0
0 5.3629 0
0 5.36049 0
0 5.35404 0
0 5.35594 0
0 5.34523 0
0 5.35142 0
0 5.3365 0
0 5.34694 0
0 5.32789 0
0 5.3425 0
0 5.31941 0
0 5.33811 0
0 5.31109 0
0 5.33379 0
0 5.30296 0
0 5.32954 0
0 5.29503 0
0 5.32535 0
0 5.28732 0
0 5.32125 0
0 5.27984 0
0 5.31722 0
0 5.2726 0
0 5.31328 0
0 5.2656 0
0 5.30941 0
0 5.25886 0
0 5.30563 0
0 5.25236 0
0 5.30193 0
0 5.24611 0
0 5.29831 0
0 5.24009 0
0 5.29477 0
0 5.23432 0
0 5.29131 0
0 5.22877 0
0 5.28792 0
0 5.22344 0
0 -5.1587 0
0 -5.09352 0
0 -5.16596 0
0 -5.10268 0
0 -5.17358 0
0 -5.11236 0
0 -5.18158 0
0 -5.12257 0
0 -5.18998 0
0 -5.13334 0
0 -5.19878 0
0 -5.14468 0
0 -5.20799 0
0 -5.1566 0
0 -5.21762 0
0 -5.16911 0
0 -5.22767 0
0 -5.18222 0
0 -5.23813 0
0 -5.19591 0
0 -5.24899 0
0 -5.21017 0
0 -5.26024 0
0 -5.22499 0
0 -5.27186 0
0 -5.24034 0
0 -5.28383 0
0 -5.25618 0
0 -5.29611 0
0 -5.27246 0
0 -5.30866 0
0 -5.28914 0
0 -5.32145 0
0 -5.30616 0
0 -5.33442 0
0 -5.32344 0
0 -5.34753 0
0 -5.34092 0
0 -5.36072 0
0 -5.35851 0
0 5.36072 0
0 5.35851 0
0 5.34753 0
0 5.34092 0
0 5.33442 0
0 5.32344 0
0 5.32145 0
0 5.30616 0
0 5.30866 0
0 5.28914 0
0 5.29611 0
0 5.27246 0
0 5.28383 0
0 5.25618 0
0 5.27186 0
0 5.24034 0
0 5.26024 0
0 5.22499 0
0 5.24899 0
0 5.21017 0
0 5.23813 0
0 5.19591 0
0 5.22767 0
0 5.18222 0
0 5.21762 0
0 5.16911 0
0 5.20799 0
0 5.1566 0
0 5.19878 0
0 5.14468 0
0 5.18998 0
0 5.13334 0
0 5.18158 0
0 5.12257 0
0 5.17358 0
0 5.11236 0
0 5.16596 0
0 5.10268 0
0 5.1587 0
0 5.09352 0
0 -5.02772 0
0 -4.96112 0
0 -5.03876 0
0 -4.97399 0
0 -5.05046 0
0 -4.98769 0
0 -5.06286 0
0 -5.00225 0
0 -5.07598 0
0 -5.01769 0
0 -5.08985 0
0 -5.03406 0
0 -5.10447 0
0 -5.05137 0
0 -5.11987 0
0 -5.06965 0
0 -5.13603 0
0 -5.08888 0
0 -5.15297 0
0 -5.10908 0
0 -5.17066 0
0 -5.13023 0
0 -5.18908 0
0 -5.1523 0
0 -5.2082 0
0 -5.17524 0
0 -5.22796 0
0 -5.19901 0
0 -5.24832 0
0 -5.22352 0
0 -5.2692 0
0 -5.24871 0
0 -5.29053 0
0 -5.27445 0
0 -5.31221 0
0 -5.30066 0
0 -5.33415 0
0 -5.32719 0
0 -5.35626 0
0 -5.35393 0
0 5.35626 0
0 5.35393 0
0 5.33415 0
0 5.32719 0
0 5.31221 0
0 5.30066 0
0 5.29053 0
0 5.27445 0
0 5.2692 0
0 5.24871 0
0 5.24832 0
0 5.22352 0
0 5.22796 0
0 5.19901 0
0 5.2082 0
0 5.17524 0
0 5.18908 0
0 5.1523 0
0 5.17066 0
0 5.13023 0
0 5.15297 0
0 5.10908 0
0 5.13603 0
0 5.08888 0
0 5.11987 0
0 5.06965 0
0 5.10447 0
0 5.05137 0
0 5.08985 0
0 5.03406 0
0 5.07598 0
0 5.01769 0
0 5.06286 0
0 5.00225 0
0 5.05046 0
0 4.98769 0
0 5.03876 0
0 4.97399 0
0 5.02772 0
0 4.96112 0
0 -4.89354 0
0 -4.82479 0
0 -4.9082 0
0 -4.84118 0
0 -4.92384 0
0 -4.85871 0
0 -4.94051 0
0 -4.87744 0
0 -4.95825 0
0 -4.89742 0
0 -4.97709 0
0 -4.9187 0
0 -4.99707 0
0 -4.94132 0
0 -5.01821 0
0 -4.96531 0
0 -5.04052 0
0 -4.99069 0
0 -5.064 0
0 -5.01747 0
0 -5.08864 0
0 -5.04564 0
0 -5.1144 0
0 -5.07516 0
0 -5.14125 0
0 -5.10598 0
0 -5.1691 0
0 -5.13803 0
0 -5.19789 0
0 -5.17121 0
0 -5.22749 0
0 -5.2054 0
0 -5.25781 0
0 -5.24044 0
0 -5.28868 0
0 -5.27619 0
0 -5.31997 0
0 -5.31244 0
0 -5.35152 0
0 -5.349 0
0 5.35152 0
0 5.349 0
0 5.31997 0
0 5.31244 0
0 5.28868 0
0 5.27619 0
0 5.25781 0
0 5.24045 0
0 5.22749 0
0 5.2054 0
0 5.19789 0
0 5.17121 0
0 5.1691 0
0 5.13803 0
0 5.14125 0
0 5.10598 0
0 5.1144 0
0 5.07516 0
0 5.08864 0
0 5.04564 0
0 5.064 0
0 5.01747 0
0 5.04052 0
0 4.99069 0
0 5.01821 0
0 4.96531 0
0 4.99707 0
0 4.94132 0
0 4.97709 0
0 4.9187 0
0 4.95825 0
0 4.89742 0
0 4.94051 0
0 4.87744 0
0 4.92384 0
0 4.85871 0
0 4.9082 0
0 4.84118 0
0 4.89354 0
0 4.82479 0
0 -4.75468 0
0 -4.68303 0
0 -4.77272 0
0 -4.70264 0
0 -4.79207 0
0 -4.72371 0
0 -4.81279 0
0 -4.74634 0
0 -4.83495 0
0 -4.7706 0
0 -4.85862 0
0 -4.79658 0
0 -4.88384 0
0 -4.82435 0
0 -4.91066 0
0 -4.85396 0
0 -4.93911 0
0 -4.88545 0
0 -4.9692 0
0 -4.91887 0
0 -5.00093 0
0 -4.9542 0
0 -5.03427 0
0 -4.99143 0
0 -5.06917 0
0 -5.0305 0
0 -5.10554 0
0 -5.07133 0
0 -5.14327 0
0 -5.11379 0
0 -5.18222 0
0 -5.15772 0
0 -5.22221 0
0 -5.20291 0
0 -5.26305 0
0 -5.24913 0
0 -5.30451 0
0 -5.2961 0
0 -5.34635 0
0 -5.34354 0
0 5.34635 0
0 5.34354 0
0 5.30451 0
0 5.2961 0
0 5.26305 0
0 5.24913 0
0 5.22221 0
0 5.20291 0
0 5.18222 0
0 5.15772 0
0 5.14327 0
0 5.11379 0
0 5.10554 0
0 5.07133 0
0 5.06917 0
0 5.0305 0
0 5.03427 0
0 4.99143 0
0 5.00093 0
0 4.9542 0
0 4.9692 0
0 4.91887 0
0 4.93911 0
0 4.88545 0
0 4.91066 0
0 4.85396 0
0 4.88384 0
0 4.82435 0
0 4.85862 0
0 4.79658 0
0 4.83495 0
0 4.7706 0
0 4.81279 0
0 4.74634 0
0 4.79207 0
0 4.72371 0
0 4.77272 0
0 4.70264 0
0 4.75468 0
0 4.68303 0
0 -4.60965 0
0 -4.53435 0
0 -4.63071 0
0 -4.55673 0
0 -4.6534 0
0 -4.58092 0
0 -4.67783 0
0 -4.60702 0
0 -4.70411 0
0 -4.63518 0
0 -4.73231 0
0 -4.6655 0
0 -4.76255 0
0 -4.6981 0
0 -4.79489 0
0 -4.73309 0
0 -4.8294 0
0 -4.77055 0
0 -4.86612 0
0 -4.81057 0
0 -4.90508 0
0 -4.85317 0
0 -4.94627 0
0 -4.89837 0
0 -4.98963 0
0 -4.94613 0
0 -5.03508 0
0 -4.99636 0
0 -5.08247 0
0 -5.04893 0
0 -5.13163 0
0 -5.10361 0
0 -5.18232 0
0 -5.16015 0
0 -5.23425 0
0 -5.21821 0
0 -5.2871 0
0 -5.27739 0
0 -5.34053 0
0 -5.33727 0
0 5.34053 0
0 5.33727 0
0 5.2871 0
0 5.27739 0
0 5.23425 0
0 5.21821 0
0 5.18232 0
0 5.16015 0
0 5.13163 0
0 5.10361 0
0 5.08247 0
0 5.04893 0
0 5.03508 0
0 4.99636 0
0 4.98963 0
0 4.94613 0
0 4.94627 0
0 4.89837 0
0 4.90508 0
0 4.85317 0
0 4.86612 0
0 4.81057 0
0 4.8294 0
0 4.77055 0
0 4.79489 0
0 4.73309 0
0 4.76255 0
0 4.6981 0
0 4.73231 0
0 4.6655 0
0 4.70411 0
0 4.63518 0
0 4.67783 0
0 4.60702 0
0 4.6534 0
0 4.58092 0
0 4.63071 0
0 4.55673 0
0 4.60965 0
0 4.53435 0
0 -4.45694 0
0 -4.37725 0
0 -4.4805 0
0 -4.4018 0
0 -4.50602 0
0 -4.42848 0
0 -4.53365 0
0 -4.45744 0
0 -4.56353 0
0 -4.48887 0
0 -4.59582 0
0 -4.52295 0
0 -4.63066 0
0 -4.55985 0
0 -4.66818 0
0 -4.59975 0
0 -4.70851 0
0 -4.64282 0
0 -4.75176 0
0 -4.6892 0
0 -4.79799 0
0 -4.73901 0
0 -4.84725 0
0 -4.79234 0
0 -4.89952 0
0 -4.8492 0
0 -4.95472 0
0 -4.90955 0
0 -5.01271 0
0 -4.97325 0
0 -5.07326 0
0 -5.04006 0
0 -5.13607 0
0 -5.10964 0
0 -5.20074 0
0 -5.18151 0
0 -5.2668 0
0 -5.25512 0
0 -5.33373 0
0 -5.32981 0
0 5.33373 0
0 5.32981 0
0 5.2668 0
0 5.25512 0
0 5.20074 0
0 5.18151 0
0 5.13607 0
0 5.10964 0
0 5.07326 0
0 5.04006 0
0 5.01271 0
0 4.97325 0
0 4.95472 0
0 4.90955 0
0 4.89952 0
0 4.8492 0
0 4.84725 0
0 4.79234 0
0 4.79799 0
0 4.73901 0
0 4.75176 0
0 4.6892 0
0 4.70851 0
0 4.64282 0
0 4.66818 0
0 4.59975 0
0 4.63066 0
0 4.55985 0
0 4.59582 0
0 4.52295 0
0 4.56353 0
0 4.48887 0
0 4.53365 0
0 4.45744 0
0 4.50602 0
0 4.42848 0
0 4.4805 0
0 4.4018 0
0 4.45694 0
0 4.37725 0
0 -4.2951 0
0 -4.21034 0
0 -4.32045 0
0 -4.23625 0
0 -4.34806 0
0 -4.26457 0
0 -4.37814 0
0 -4.2955 0
0 -4.41089 0
0 -4.3293 0
0 -4.44653 0
0 -4.36622 0
0 -4.48527 0
0 -4.40652 0
0 -4.52734 0
0 -4.45048 0
0 -4.57296 0
0 -4.49839 0
0 -4.62232 0
0 -4.55051 0
0 -4.67562 0
0 -4.60711 0
0 -4.73299 0
0 -4.66841 0
0 -4.7945 0
0 -4.73458 0
0 -4.86017 0
0 -4.80569 0
0 -4.92987 0
0 -4.88168 0
0 -5.00337 0
0 -4.96236 0
0 -5.08029 0
0 -5.04731 0
0 -5.16009 0
0 -5.1359 0
0 -5.24207 0
0 -5.22729 0
0 -5.32542 0
0 -5.32045 0
0 5.32542 0
0 5.32045 0
0 5.24207 0
0 5.22729 0
0 5.16009 0
0 5.1359 0
0 5.08029 0
0 5.04731 0
0 5.00337 0
0 4.96236 0
0 4.92987 0
0 4.88168 0
0 4.86017 0
0 4.80569 0
0 4.7945 0
0 4.73458 0
0 4.73299 0
0 4.66841 0
0 4.67562 0
0 4.60711 0
0 4.62232 0
0 4.55051 0
0 4.57296 0
0 4.49839 0
0 4.52734 0
0 4.45048 0
0 4.48527 0
0 4.40652 0
0 4.44653 0
0 4.36622 0
0 4.41089 0
0 4.3293 0
0 4.37814 0
0 4.2955 0
0 4.34806 0
0 4.26457 0
0 4.32045 0
0 4.23625 0
0 4.2951 0
0 4.21034 0
0 -4.12284 0
0 -4.03247 0
0 -4.14905 0
0 -4.0587 0
0 -4.17778 0
0 -4.08753 0
0 -4.20927 0
0 -4.11924 0
0 -4.24381 0
0 -4.15414 0
0 -4.28167 0
0 -4.19255 0
0 -4.32318 0
0 -4.23485 0
0 -4.36868 0
0 -4.28144 0
0 -4.41853 0
0 -4.33277 0
0 -4.47308 0
0 -4.38929 0
0 -4.53269 0
0 -4.45149 0
0 -4.59772 0
0 -4.51987 0
0 -4.66843 0
0 -4.59487 0
0 -4.74504 0
0 -4.67689 0
0 -4.82759 0
0 -4.76615 0
0 -4.91594 0
0 -4.86268 0
0 -5.0097 0
0 -4.96613 0
0 -5.10815 0
0 -5.07574 0
0 -5.21026 0
0 -5.19025 0
0 -5.31471 0
0 -5.30794 0
0 5.31471 0
0 5.30794 0
0 5.21026 0
0 5.19025 0
0 5.10815 0
0 5.07574 0
0 5.0097 0
0 4.96613 0
0 4.91594 0
0 4.86268 0
0 4.82759 0
0 4.76615 0
0 4.74504 0
0 4.67689 0
0 4.66843 0
0 4.59487 0
0 4.59772 0
0 4.51987 0
0 4.53269 0
0 4.45149 0
0 4.47308 0
0 4.38929 0
0 4.41853 0
0 4.33277 0
0 4.36868 0
0 4.28144 0
0 4.32318 0
0 4.23485 0
0 4.28167 0
0 4.19255 0
0 4.24381 0
0 4.15414 0
0 4.20927 0
0 4.11924 0
0 4.17778 0
0 4.08753 0
0 4.14905 0
0 4.0587 0
0 4.12284 0
0 4.03247 0
0 -3.93916 0
0 -3.84286 0
0 -3.9651 0
0 -3.86818 0
0 -3.99369 0
0 -3.89615 0
0 -4.02523 0
0 -3.92711 0
0 -4.06007 0
0 -3.96141 0
0 -4.09856 0
0 -3.99946 0
0 -4.14114 0
0 -4.04173 0
0 -4.18828 0
0 -4.08875 0
0 -4.24049 0
0 -4.14114 0
0 -4.29837 0
0 -4.19958 0
0 -4.36255 0
0 -4.26487 0
0 -4.43369 0
0 -4.33791 0
0 -4.51249 0
0 -4.41966 0
0 -4.59959 0
0 -4.51116 0
0 -4.69554 0
0 -4.61339 0
0 -4.80063 0
0 -4.72714 0
0 -4.91471 0
0 -4.85275 0
0 -5.03706 0
0 -4.98972 0
0 -5.16618 0
0 -5.13635 0
0 -5.29976 0
0 -5.28956 0
0 5.29976 0
0 5.28956 0
0 5.16618 0
0 5.13635 0
0 5.03706 0
0 4.98972 0
0 4.91471 0
0 4.85275 0
0 4.80063 0
0 4.72714 0
0 4.69554 0
0 4.61339 0
0 4.59959 0
0 4.51116 0
0 4.51249 0
0 4.41966 0
0 4.43369 0
0 4.33791 0
0 4.36255 0
0 4.26487 0
0 4.29837 0
0 4.19958 0
0 4.24049 0
0 4.14114 0
0 4.18828 0
0 4.08875 0
0 4.14114 0
0 4.04173 0
0 4.09856 0
0 3.99946 0
0 4.06007 0
0 3.96141 0
0 4.02523 0
0 3.92711 0
0 3.99369 0
0 3.89615 0
0 3.9651 0
0 3.86818 0
0 3.93916 0
0 3.84286 0
0 -3.74359 0
0 -3.64138 0
0 -3.76792 0
0 -3.66438 0
0 -3.79489 0
0 -3.68993 0
0 -3.82481 0
0 -3.71835 0
0 -3.85807 0
0 -3.75003 0
0 -3.8951 0
0 -3.7854 0
0 -3.93639 0
0 -3.82498 0
0 -3.98253 0
0 -3.8694 0
0 -4.03421 0
0 -3.91937 0
0 -4.09222 0
0 -3.97577 0
0 -4.15752 0
0 -4.03968 0
0 -4.23121 0
0 -4.1124 0
0 -4.31461 0
0 -4.19556 0
0 -4.40922 0
0 -4.29118 0
0 -4.51668 0
0 -4.40175 0
0 -4.63861 0
0 -4.53013 0
0 -4.77627 0
0 -4.67931 0
0 -4.92992 0
0 -4.85144 0
0 -5.09797 0
0 -5.04609 0
0 -5.27629 0
0 -5.25805 0
0 5.27629 0
0 5.25805 0
0 5.09797 0
0 5.04609 0
0 4.92992 0
0 4.85144 0
0 4.77627 0
0 4.67931 0
0 4.63861 0
0 4.53013 0
0 4.51668 0
0 4.40175 0
0 4.40922 0
0 4.29118 0
0 4.31461 0
0 4.19556 0
0 4.23121 0
0 4.1124 0
0 4.15752 0
0 4.03968 0
0 4.09222 0
0 3.97577 0
0 4.03421 0
0 3.91937 0
0 3.98253 0
0 3.8694 0
0 3.93639 0
0 3.82498 0
0 3.8951 0
0 3.7854 0
0 3.85807 0
0 3.75003 0
0 3.82481 0
0 3.71835 0
0 3.79489 0
0 3.68993 0
0 3.76792 0
0 3.66438 0
0 3.74359 0
0 3.64138 0
0 -3.53635 0
0 -3.42866 0
0 -3.55766 0
0 -3.44794 0
0 -3.58138 0
0 -3.46943 0
0 -3.60782 0
0 -3.49343 0
0 -3.63736 0
0 -3.52029 0
0 -3.67044 0
0 -3.55042 0
0 -3.70756 0
0 -3.58432 0
0 -3.74933 0
0 -3.62255 0
0 -3.79651 0
0 -3.66581 0
0 -3.84998 0
0 -3.71496 0
0 -3.91086 0
0 -3.77107 0
0 -3.98058 0
0 -3.83552 0
0 -4.06099 0
0 -3.91015 0
0 -4.15453 0
0 -3.99753 0
0 -4.26452 0
0 -4.10141 0
0 -4.39543 0
0 -4.22755 0
0 -4.55299 0
0 -4.38494 0
0 -4.74354 0
0 -4.5873 0
0 -4.97106 0
0 -4.85172 0
0 -5.2308 0
0 -5.18437 0
0 5.2308 0
0 5.18437 0
0 4.97106 0
0 4.85172 0
0 4.74354 0
0 4.5873 0
0 4.55299 0
0 4.38494 0
0 4.39543 0
0 4.22755 0
0 4.26452 0
0 4.10141 0
0 4.15453 0
0 3.99753 0
0 4.06099 0
0 3.91015 0
0 3.98058 0
0 3.83552 0
0 3.91086 0
0 3.77107 0
0 3.84998 0
0 3.71496 0
0 3.79651 0
0 3.66581 0
0 3.74933 0
0 3.62255 0
0 3.70756 0
0 3.58432 0
0 3.67044 0
0 3.55042 0
0 3.63736 0
0 3.52029 0
0 3.60782 0
0 3.49343 0
0 3.58138 0
0 3.46943 0
0 3.55766 0
0 3.44794 0
0 3.53635 0
0 3.42866 0
0 -3.31853 0
0 -3.20624 0
0 -3.33545 0
0 -3.22051 0
0 -3.35434 0
0 -3.23645 0
0 -3.37546 0
0 -3.2543 0
0 -3.39913 0
0 -3.27433 0
0 -3.42572 0
0 -3.29684 0
0 -3.45567 0
0 -3.3222 0
0 -3.48948 0
0 -3.35084 0
0 -3.52777 0
0 -3.38324 0
0 -3.57128 0
0 -3.41998 0
0 -3.62092 0
0 -3.46173 0
0 -3.67785 0
0 -3.50927 0
0 -3.74359 0
0 -3.56354 0
0 -3.82028 0
0 -3.62569 0
0 -3.91116 0
0 -3.6973 0
0 -4.02165 0
0 -3.7808 0
0 -4.16175 0
0 -3.88087 0
0 -4.35194 0
0 -4.0092 0
0 -4.6359 0
0 -4.20608 0
0 -5.08369 0
0 -4.70273 0
0 5.08369 0
0 4.70274 0
0 4.6359 0
0 4.20608 0
0 4.35194 0
0 4.0092 0
0 4.16175 0
0 3.88087 0
0 4.02165 0
0 3.7808 0
0 3.91116 0
0 3.6973 0
0 3.82028 0
0 3.62569 0
0 3.74359 0
0 3.56354 0
0 3.67785 0
0 3.50927 0
0 3.62092 0
0 3.46173 0
0 3.57128 0
0 3.41998 0
0 3.52777 0
0 3.38324 0
0 3.48948 0
0 3.35084 0
0 3.45567 0
0 3.3222 0
0 3.42572 0
0 3.29684 0
0 3.39913 0
0 3.27433 0
0 3.37546 0
0 3.2543 0
0 3.35434 0
0 3.23645 0
0 3.33545 0
0 3.22051 0
0 3.31853 0
0 3.20624 0
0 -3.09211 0
0 -2.97649 0
0 -3.10347 0
0 -2.98476 0
0 -3.11619 0
0 -2.99401 0
0 -3.13043 0
0 -3.00438 0
0 -3.14642 0
0 -3.01602 0
0 -3.16439 0
0 -3.02911 0
0 -3.18465 0
0 -3.04385 0
0 -3.20749 0
0 -3.06045 0
0 -3.23329 0
0 -3.07915 0
0 -3.26242 0
0 -3.10017 0
0 -3.29531 0
0 -3.1237 0
0 -3.3323 0
0 -3.14979 0
0 -3.37369 0
0 -3.17822 0
0 -3.41944 0
0 -3.20819 0
0 -3.46897 0
0 -3.23767 0
0 -3.5204 0
0 -3.26218 0
0 -3.56892 0
0 -3.27198 0
0 -3.60176 0
0 -3.24582 0
0 -3.57634 0
0 -3.13776 0
0 -3.25794 0
0 -2.87391 0
0 3.25794 0
0 2.87391 0
0 3.57634 0
0 3.13776 0
0 3.60176 0
0 3.24582 0
0 3.56892 0
0 3.27198 0
0 3.5204 0
0 3.26218 0
0 3.46897 0
0 3.23767 0
0 3.41944 0
0 3.20819 0
0 3.37369 0
0 3.17822 0
0 3.3323 0
0 3.14979 0
0 3.29531 0
0 3.1237 0
0 3.26242 0
0 3.10017 0
0 3.23329 0
0 3.07915 0
0 3.20749 0
0 3.06045 0
0 3.18465 0
0 3.04385 0
0 3.16439 0
0 3.02911 0
0 3.14642 0
0 3.01602 0
0 3.13043 0
0 3.00438 0
0 3.11619 0
0 2.99401 0
0 3.10347 0
0 2.98476 0
0 3.09211 0
0 2.97649 0
0 -2.8598 0
0 -2.74245 0
0 -2.86482 0
0 -2.74414 0
0 -2.87044 0
0 -2.74602 0
0 -2.87674 0
0 -2.74813 0
0 -2.88381 0
0 -2.7505 0
0 -2.89176 0
0 -2.75317 0
0 -2.90071 0
0 -2.75617 0
0 -2.91078 0
0 -2.75954 0
0 -2.92209 0
0 -2.76333 0
0 -2.93476 0
0 -2.76755 0
0 -2.94882 0
0 -2.77223 0
0 -2.96421 0
0 -2.7773 0
0 -2.98057 0
0 -2.78261 0
0 -2.997 0
0 -2.78777 0
0 -3.0115 0
0 -2.79199 0
0 -3.02 0
0 -2.79369 0
0 -3.0147 0
0 -2.79009 0
0 -2.98196 0
0 -2.77696 0
0 -2.90278 0
0 -2.74976 0
0 -2.76645 0
0 -2.70791 0
0 2.76645 0
0 2.70791 0
0 2.90278 0
0 2.74976 0
0 2.98196 0
0 2.77696 0
0 3.0147 0
0 2.79009 0
0 3.02 0
0 2.79369 0
0 3.0115 0
0 2.79199 0
0 2.997 0
0 2.78777 0
0 2.98057 0
0 2.78261 0
0 2.96421 0
0 2.7773 0
0 2.94882 0
0 2.77223 0
0 2.93476 0
0 2.76755 0
0 2.92209 0
0 2.76333 0
0 2.91078 0
0 2.75954 0
0 2.90071 0
0 2.75617 0
0 2.89176 0
0 2.75317 0
0 2.88381 0
0 2.7505 0
0 2.87674 0
0 2.74813 0
0 2.87044 0
0 2.74602 0
0 2.86482 0
0 2.74414 0
0 2.8598 0
0 2.74245 0
0 -2.62488 0
0 -2.50753 0
0 -2.6232 0
0 -2.50251 0
0 -2.62131 0
0 -2.49689 0
0 -2.6192 0
0 -2.49059 0
0 -2.61683 0
0 -2.48352 0
0 -2.61416 0
0 -2.47557 0
0 -2.61116 0
0 -2.46662 0
0 -2.60779 0
0 -2.45655 0
0 -2.60401 0
0 -2.44524 0
0 -2.59978 0
0 -2.43258 0
0 -2.59511 0
0 -2.41851 0
0 -2.59004 0
0 -2.40312 0
0 -2.58473 0
0 -2.38676 0
0 -2.57956 0
0 -2.37033 0
0 -2.57534 0
0 -2.35584 0
0 -2.57364 0
0 -2.34734 0
0 -2.57724 0
0 -2.35263 0
0 -2.59038 0
0 -2.38538 0
0 -2.61757 0
0 -2.46455 0
0 -2.65942 0
0 -2.60088 0
0 2.65942 0
0 2.60088 0
0 2.61757 0
0 2.46455 0
0 2.59038 0
0 2.38538 0
0 2.57724 0
0 2.35263 0
0 2.57364 0
0 2.34734 0
0 2.57534 0
0 2.35584 0
0 2.57956 0
0 2.37033 0
0 2.58473 0
0 2.38676 0
0 2.59004 0
0 2.40312 0
0 2.59511 0
0 2.41851 0
0 2.59978 0
0 2.43258 0
0 2.60401 0
0 2.44524 0
0 2.60779 0
0 2.45655 0
0 2.61116 0
0 2.46662 0
0 2.61416 0
0 2.47557 0
0 2.61683 0
0 2.48352 0
0 2.6192 0
0 2.49059 0
0 2.62131 0
0 2.49689 0
0 2.6232 0
0 2.50251 0
0 2.62488 0
0 2.50753 0
0 -2.39084 0
0 -2.27523 0
0 -2.38257 0
0 -2.26386 0
0 -2.37332 0
0 -2.25115 0
0 -2.36295 0
0 -2.2369 0
0 -2.35131 0
0 -2.22092 0
0 -2.33822 0
0 -2.20294 0
0 -2.32349 0
0 -2.18269 0
0 -2.30688 0
0 -2.15984 0
0 -2.28818 0
0 -2.13405 0
0 -2.26716 0
0 -2.10491 0
0 -2.24363 0
0 -2.07203 0
0 -2.21754 0
0 -2.03503 0
0 -2.18911 0
0 -1.99365 0
0 -2.15915 0
0 -1.94789 0
0 -2.12966 0
0 -1.89836 0
0 -2.10515 0
0 -1.84693 0
0 -2.09535 0
0 -1.79841 0
0 -2.12151 0
0 -1.76558 0
0 -2.22957 0
0 -1.79099 0
0 -2.49342 0
0 -2.10939 0
0 2.49342 0
0 2.10939 0
0 2.22957 0
0 1.79099 0
0 2.12151 0
0 1.76558 0
0 2.09535 0
0 1.79841 0
0 2.10515 0
0 1.84693 0
0 2.12966 0
0 1.89836 0
0 2.15915 0
0 1.94789 0
0 2.18911 0
0 1.99365 0
0 2.21754 0
0 2.03503 0
0 2.24363 0
0 2.07203 0
0 2.26716 0
0 2.10491 0
0 2.28818 0
0 2.13405 0
0 2.30688 0
0 2.15984 0
0 2.32349 0
0 2.18269 0
0 2.33822 0
0 2.20294 0
0 2.35131 0
0 2.22092 0
0 2.36295 0
0 2.2369 0
0 2.37332 0
0 2.25115 0
0 2.38257 0
0 2.26386 0
0 2.39084 0
0 2.27523 0
0 -2.16109 0
0 -2.0488 0
0 -2.14682 0
0 -2.03188 0
0 -2.13088 0
0 -2.013 0
0 -2.11303 0
0 -1.99188 0
0 -2.09301 0
0 -1.9682 0
0 -2.07049 0
0 -1.94161 0
0 -2.04513 0
0 -1.91166 0
0 -2.0165 0
0 -1.87785 0
0 -1.98409 0
0 -1.83956 0
0 -1.94735 0
0 -1.79605 0
0 -1.90561 0
0 -1.74641 0
0 -1.85806 0
0 -1.68949 0
0 -1.8038 0
0 -1.62375 0
0 -1.74164 0
0 -1.54706 0
0 -1.67003 0
0 -1.45617 0
0 -1.58654 0
0 -1.34568 0
0 -1.48646 0
0 -1.20558 0
0 -1.35813 0
0 -1.0154 0
0 -1.16126 0
0 -0.73143 0
0 -0.664597 0
0 -0.283641 0
0 0.664599 0
0 0.28364 0
0 1.16126 0
0 0.731429 0
0 1.35813 0
0 1.0154 0
0 1.48646 0
0 1.20558 0
0 1.58654 0
0 1.34568 0
0 1.67003 0
0 1.45617 0
0 1.74164 0
0 1.54706 0
0 1.8038 0
0 1.62375 0
0 1.85806 0
0 1.68949 0
0 1.90561 0
0 1.74641 0
0 1.94735 0
0 1.79605 0
0 1.98409 0
0 1.83956 0
0 2.0165 0
0 1.87785 0
0 2.04513 0
0 1.91166 0
0 2.07049 0
0 1.94161 0
0 2.09301 0
0 1.9682 0
0 2.11303 0
0 1.99188 0
0 2.13088 0
0 2.013 0
0 2.14682 0
0 2.03188 0
0 2.16109 0
0 2.0488 0
0 -1.93867 0
0 -1.83098 0
0 -1.9194 0
0 -1.80967 0
0 -1.89791 0
0 -1.78595 0
0 -1.87391 0
0 -1.75951 0
0 -1.84704 0
0 -1.72997 0
0 -1.81691 0
0 -1.6969 0
0 -1.78302 0
0 -1.65978 0
0 -1.74479 0
0 -1.618 0
0 -1.70153 0
0 -1.57083 0
0 -1.65238 0
0 -1.51736 0
0 -1.59627 0
0 -1.45647 0
0 -1.53182 0
0 -1.38675 0
0 -1.45719 0
0 -1.30635 0
0 -1.36981 0
0 -1.2128 0
0 -1.26592 0
0 -1.10281 0
0 -1.13979 0
0 -0.971904 0
0 -0.982398 0
0 -0.814345 0
0 -0.780034 0
0 -0.623794 0
0 -0.515612 0
0 -0.396273 0
0 -0.182963 0
0 -0.136535 0
0 0.182963 0
0 0.136535 0
0 0.515613 0
0 0.396272 0
0 0.780035 0
0 0.623794 0
0 0.982398 0
0 0.814345 0
0 1.13979 0
0 0.971904 0
0 1.26592 0
0 1.10281 0
0 1.36981 0
0 1.2128 0
0 1.45719 0
0 1.30635 0
0 1.53182 0
0 1.38675 0
0 1.59627 0
0 1.45647 0
0 1.65238 0
0 1.51736 0
0 1.70153 0
0 1.57082 0
0 1.74479 0
0 1.618 0
0 1.78302 0
0 1.65978 0
0 1.81691 0
0 1.6969 0
0 1.84704 0
0 1.72997 0
0 1.87391 0
0 1.75951 0
0 1.89791 0
0 1.78595 0
0 1.9194 0
0 1.80967 0
0 1.93867 0
0 1.83098 0
0 -1.72596 0
0 -1.62375 0
0 -1.70295 0
0 -1.59941 0
0 -1.6774 0
0 -1.57244 0
0 -1.64898 0
0 -1.54252 0
0 -1.61731 0
0 -1.50926 0
0 -1.58194 0
0 -1.47224 0
0 -1.54235 0
0 -1.43095 0
0 -1.49794 0
0 -1.3848 0
0 -1.44797 0
0 -1.33313 0
0 -1.39156 0
0 -1.27511 0
0 -1.32766 0
0 -1.20982 0
0 -1.25494 0
0 -1.13612 0
0 -1.17178 0
0 -1.05272 0
0 -1.07615 0
0 -0.958112 0
0 -0.965587 0
0 -0.850657 0
0 -0.837205 0
0 -0.728726 0
0 -0.688027 0
0 -0.591063 0
0 -0.515895 0
0 -0.437413 0
0 -0.321239 0
0 -0.269363 0
0 -0.109283 0
0 -0.0910407 0
0 0.109284 0
0 0.0910404 0
0 0.321239 0
0 0.269363 0
0 0.515895 0
0 0.437412 0
0 0.688027 0
0 0.591063 0
0 0.837205 0
0 0.728725 0
0 0.965587 0
0 0.850656 0
0 1.07615 0
0 0.958112 0
0 1.17178 0
0 1.05272 0
0 1.25494 0
0 1.13612 0
0 1.32766 0
0 1.20982 0
0 1.39156 0
0 1.27511 0
0 1.44797 0
0 1.33313 0
0 1.49794 0
0 1.3848 0
0 1.54235 0
0 1.43095 0
0 1.58194 0
0 1.47224 0
0 1.61731 0
0 1.50926 0
0 1.64898 0
0 1.54252 0
0 1.6774 0
0 1.57244 0
0 1.70295 0
0 1.59941 0
0 1.72596 0
0 1.62375 0
0 -1.52447 0
0 -1.42818 0
0 -1.49916 0
0 -1.40224 0
0 -1.47118 0
0 -1.37364 0
0 -1.44022 0
0 -1.3421 0
0 -1.40592 0
0 -1.30727 0
0 -1.36787 0
0 -1.26877 0
0 -1.3256 0
0 -1.22619 0
0 -1.27858 0
0 -1.17906 0
0 -1.2262 0
0 -1.12684 0
0 -1.16775 0
0 -1.06896 0
0 -1.10246 0
0 -1.00479 0
0 -1.02943 0
0 -0.933645 0
0 -0.947674 0
0 -0.854847 0
0 -0.856177 0
0 -0.767741 0
0 -0.753947 0
0 -0.671791 0
0 -0.64019 0
0 -0.566708 0
0 -0.51458 0
0 -0.452621 0
0 -0.377614 0
0 -0.33027 0
0 -0.230987 0
0 -0.201157 0
0 -0.0777777 0
0 -0.0675749 0
0 0.077778 0
0 0.0675746 0
0 0.230987 0
0 0.201157 0
0 0.377614 0
0 0.33027 0
0 0.51458 0
0 0.452621 0
0 0.640191 0
0 0.566708 0
0 0.753947 0
0 0.671791 0
0 0.856178 0
0 0.767741 0
0 0.947674 0
0 0.854847 0
0 1.02943 0
0 0.933644 0
0 1.10246 0
0 1.00479 0
0 1.16775 0
0 1.06896 0
0 1.2262 0
0 1.12684 0
0 1.27858 0
0 1.17906 0
0 1.3256 0
0 1.22619 0
0 1.36787 0
0 1.26877 0
0 1.40592 0
0 1.30727 0
0 1.44022 0
0 1.3421 0
0 1.47118 0
0 1.37364 0
0 1.49916 0
0 1.40224 0
0 1.52447 0
0 1.42818 0
0 -1.33487 0
0 -1.2445 0
0 -1.30863 0
0 -1.21828 0
0 -1.2798 0
0 -1.18955 0
0 -1.24809 0
0 -1.15806 0
0 -1.2132 0
0 -1.12353 0
0 -1.17479 0
0 -1.08567 0
0 -1.13249 0
0 -1.04415 0
0 -1.08589 0
0 -0.998651 0
0 -1.03457 0
0 -0.948807 0
0 -0.978047 0
0 -0.894257 0
0 -0.915842 0
0 -0.834639 0
0 -0.847467 0
0 -0.769616 0
0 -0.772463 0
0 -0.698901 0
0 -0.690447 0
0 -0.622297 0
0 -0.601181 0
0 -0.539747 0
0 -0.504657 0
0 -0.451393 0
0 -0.401208 0
0 -0.357637 0
0 -0.291597 0
0 -0.259186 0
0 -0.177083 0
0 -0.157074 0
0 -0.0593945 0
0 -0.0526259 0
0 0.0593947 0
0 0.0526257 0
0 0.177083 0
0 0.157074 0
0 0.291597 0
0 0.259186 0
0 0.401208 0
0 0.357637 0
0 0.504658 0
0 0.451393 0
0 0.601181 0
0 0.539747 0
0 0.690448 0
0 0.622297 0
0 0.772463 0
0 0.698901 0
0 0.847467 0
0 0.769616 0
0 0.915842 0
0 0.834639 0
0 0.978047 0
0 0.894256 0
0 1.03457 0
0 0.948807 0
0 1.08589 0
0 0.998651 0
0 1.13249 0
0 1.04415 0
0 1.17479 0
0 1.08567 0
0 1.2132 0
0 1.12353 0
0 1.24809 0
0 1.15806 0
0 1.2798 0
0 1.18955 0
0 1.30863 0
0 1.21828 0
0 1.33487 0
0 1.2445 0
0 -1.15699 0
0 -1.07223 0
0 -1.13108 0
0 -1.04688 0
0 -1.10277 0
0 -1.01927 0
0 -1.07183 0
0 -0.98919 0
0 -1.03803 0
0 -0.95644 0
0 -1.00112 0
0 -0.920805 0
0 -0.960814 0
0 -0.882064 0
0 -0.916851 0
0 -0.839994 0
0 -0.868947 0
0 -0.794378 0
0 -0.816823 0
0 -0.745011 0
0 -0.760223 0
0 -0.691714 0
0 -0.698921 0
0 -0.634346 0
0 -0.632755 0
0 -0.57283 0
0 -0.561648 0
0 -0.507168 0
0 -0.485651 0
0 -0.437466 0
0 -0.404975 0
0 -0.363963 0
0 -0.320028 0
0 -0.287042 0
0 -0.231436 0
0 -0.207244 0
0 -0.140043 0
0 -0.125261 0
0 -0.0468827 0
0 -0.041909 0
0 0.0468828 0
0 0.0419089 0
0 0.140044 0
0 0.125261 0
0 0.231437 0
0 0.207244 0
0 0.320028 0
0 0.287042 0
0 0.404975 0
0 0.363963 0
0 0.485651 0
0 0.437466 0
0 0.561648 0
0 0.507168 0
0 0.632755 0
0 0.57283 0
0 0.698922 0
0 0.634346 0
0 0.760223 0
0 0.691713 0
0 0.816824 0
0 0.745011 0
0 0.868947 0
0 0.794378 0
0 0.916851 0
0 0.839994 0
0 0.960814 0
0 0.882064 0
0 1.00112 0
0 0.920805 0
0 1.03803 0
0 0.95644 0
0 1.07183 0
0 0.98919 0
0 1.10277 0
0 1.01927 0
0 1.13108 0
0 1.04688 0
0 1.15699 0
0 1.07223 0
0 -0.990083 0
0 -0.910391 0
0 -0.965531 0
0 -0.886836 0
0 -0.938858 0
0 -0.861317 0
0 -0.909894 0
0 -0.833688 0
0 -0.878464 0
0 -0.803803 0
0 -0.844388 0
0 -0.771514 0
0 -0.807488 0
0 -0.736676 0
0 -0.767586 0
0 -0.699152 0
0 -0.724518 0
0 -0.658819 0
0 -0.678135 0
0 -0.615573 0
0 -0.628319 0
0 -0.56934 0
0 -0.574991 0
0 -0.520084 0
0 -0.518129 0
0 -0.467818 0
0 -0.457781 0
0 -0.412618 0
0 -0.394083 0
0 -0.354628 0
0 -0.327272 0
0 -0.294073 0
0 -0.257698 0
0 -0.231265 0
0 -0.185823 0
0 -0.166595 0
0 -0.112214 0
0 -0.100532 0
0 -0.0375266 0
0 -0.0336082 0
0 0.0375267 0
0 0.0336081 0
0 0.112214 0
0 0.100532 0
0 0.185823 0
0 0.166595 0
0 0.257698 0
0 0.231265 0
0 0.327272 0
0 0.294073 0
0 0.394083 0
0 0.354627 0
0 0.457781 0
0 0.412618 0
0 0.518129 0
0 0.467818 0
0 0.574992 0
0 0.520084 0
0 0.628319 0
0 0.56934 0
0 0.678136 0
0 0.615573 0
0 0.724518 0
0 0.658819 0
0 0.767587 0
0 0.699152 0
0 0.807488 0
0 0.736676 0
0 0.844389 0
0 0.771514 0
0 0.878464 0
0 0.803803 0
0 0.909894 0
0 0.833688 0
0 0.938858 0
0 0.861316 0
0 0.965532 0
0 0.886836 0
0 0.990083 0
0 0.910391 0
0 -0.832985 0
0 -0.757684 0
0 -0.810602 0
0 -0.736625 0
0 -0.786418 0
0 -0.713931 0
0 -0.760311 0
0 -0.689499 0
0 -0.732157 0
0 -0.663229 0
0 -0.701836 0
0 -0.635021 0
0 -0.669234 0
0 -0.604788 0
0 -0.634245 0
0 -0.572448 0
0 -0.596779 0
0 -0.537937 0
0 -0.556765 0
0 -0.501211 0
0 -0.514162 0
0 -0.46225 0
0 -0.468963 0
0 -0.421065 0
0 -0.421204 0
0 -0.377704 0
0 -0.37097 0
0 -0.332257 0
0 -0.318407 0
0 -0.284862 0
0 -0.26372 0
0 -0.235704 0
0 -0.207183 0
0 -0.185017 0
0 -0.149127 0
0 -0.133085 0
0 -0.089941 0
0 -0.0802298 0
0 -0.0300588 0
0 -0.0268072 0
0 0.0300589 0
0 0.0268071 0
0 0.0899411 0
0 0.0802297 0
0 0.149127 0
0 0.133085 0
0 0.207183 0
0 0.185017 0
0 0.263721 0
0 0.235704 0
0 0.318407 0
0 0.284862 0
0 0.37097 0
0 0.332257 0
0 0.421204 0
0 0.377704 0
0 0.468963 0
0 0.421064 0
0 0.514163 0
0 0.46225 0
0 0.556765 0
0 0.501211 0
0 0.596779 0
0 0.537937 0
0 0.634245 0
0 0.572448 0
0 0.669234 0
0 0.604788 0
0 0.701837 0
0 0.635021 0
0 0.732157 0
0 0.663228 0
0 0.760311 0
0 0.689499 0
0 0.786418 0
0 0.713931 0
0 0.810602 0
0 0.736625 0
0 0.832985 0
0 0.757684 0
0 -0.684303 0
0 -0.612654 0
0 -0.664697 0
0 -0.59461 0
0 -0.643623 0
0 -0.575263 0
0 -0.620994 0
0 -0.554542 0
0 -0.596729 0
0 -0.532381 0
0 -0.570749 0
0 -0.508717 0
0 -0.542985 0
0 -0.483497 0
0 -0.513377 0
0 -0.456678 0
0 -0.481879 0
0 -0.428228 0
0 -0.448466 0
0 -0.398134 0
0 -0.413133 0
0 -0.366403 0
0 -0.375903 0
0 -0.333061 0
0 -0.336829 0
0 -0.298164 0
0 -0.296 0
0 -0.261795 0
0 -0.25354 0
0 -0.224064 0
0 -0.209614 0
0 -0.185116 0
0 -0.164424 0
0 -0.145124 0
0 -0.118208 0
0 -0.104286 0
0 -0.0712346 0
0 -0.0628254 0
0 -0.0237971 0
0 -0.0209846 0
0 0.0237972 0
0 0.0209845 0
0 0.0712347 0
0 0.0628254 0
0 0.118208 0
0 0.104285 0
0 0.164424 0
0 0.145124 0
0 0.209614 0
0 0.185116 0
0 0.25354 0
0 0.224064 0
0 0.296 0
0 0.261794 0
0 0.336829 0
0 0.298164 0
0 0.375903 0
0 0.333061 0
0 0.413133 0
0 0.366403 0
0 0.448466 0
0 0.398134 0
0 0.481879 0
0 0.428228 0
0 0.513377 0
0 0.456677 0
0 0.542985 0
0 0.483497 0
0 0.570749 0
0 0.508717 0
0 0.596729 0
0 0.532381 0
0 0.620994 0
0 0.554542 0
0 0.643623 0
0 0.575263 0
0 0.664697 0
0 0.59461 0
0 0.684303 0
0 0.612654 0
0 -0.542548 0
0 -0.473797 0
0 -0.526157 0
0 -0.459134 0
0 -0.508626 0
0 -0.443491 0
0 -0.489897 0
0 -0.426822 0
0 -0.469917 0
0 -0.409085 0
0 -0.448638 0
0 -0.390241 0
0 -0.426018 0
0 -0.370261 0
0 -0.402026 0
0 -0.349122 0
0 -0.376642 0
0 -0.326811 0
0 -0.349862 0
0 -0.30333 0
0 -0.321696 0
0 -0.278692 0
0 -0.292176 0
0 -0.252929 0
0 -0.261353 0
0 -0.226086 0
0 -0.229302 0
0 -0.198231 0
0 -0.196122 0
0 -0.169447 0
0 -0.161936 0
0 -0.139839 0
0 -0.126889 0
0 -0.109528 0
0 -0.0911471 0
0 -0.078651 0
0 -0.0548961 0
0 -0.0473594 0
0 -0.0183337 0
0 -0.0158149 0
0 0.0183337 0
0 0.0158148 0
0 0.0548962 0
0 0.0473594 0
0 0.0911472 0
0 0.0786509 0
0 0.126889 0
0 0.109528 0
0 0.161936 0
0 0.139839 0
0 0.196122 0
0 0.169447 0
0 0.229302 0
0 0.198231 0
0 0.261353 0
0 0.226086 0
0 0.292176 0
0 0.252929 0
0 0.321696 0
0 0.278692 0
0 0.349862 0
0 0.30333 0
0 0.376642 0
0 0.326811 0
0 0.402026 0
0 0.349122 0
0 0.426018 0
0 0.370261 0
0 0.448638 0
0 0.390241 0
0 0.469917 0
0 0.409085 0
0 0.489897 0
0 0.426822 0
0 0.508626 0
0 0.443491 0
0 0.526157 0
0 0.459134 0
0 0.542548 0
0 0.473797 0
0 -0.406213 0
0 -0.339612 0
0 -0.39334 0
0 -0.328577 0
0 -0.379644 0
0 -0.316874 0
0 -0.365088 0
0 -0.304474 0
0 -0.349641 0
0 -0.291352 0
0 -0.333272 0
0 -0.277487 0
0 -0.31596 0
0 -0.262863 0
0 -0.297688 0
0 -0.247468 0
0 -0.278451 0
0 -0.2313 0
0 -0.258252 0
0 -0.214364 0
0 -0.237105 0
0 -0.196673 0
0 -0.215038 0
0 -0.178252 0
0 -0.192094 0
0 -0.159135 0
0 -0.168328 0
0 -0.139369 0
0 -0.143811 0
0 -0.119011 0
0 -0.118628 0
0 -0.0981296 0
0 -0.0928797 0
0 -0.0768036 0
0 -0.0666768 0
0 -0.0551213 0
0 -0.0401414 0
0 -0.0331787 0
0 -0.0134032 0
0 -0.0110774 0
0 0.0134032 0
0 0.0110773 0
0 0.0401414 0
0 0.0331786 0
0 0.0666768 0
0 0.0551213 0
0 0.0928797 0
0 0.0768036 0
0 0.118628 0
0 0.0981295 0
0 0.143811 0
0 0.119011 0
0 0.168328 0
0 0.139369 0
0 0.192094 0
0 0.159135 0
0 0.215038 0
0 0.178252 0
0 0.237105 0
0 0.196673 0
0 0.258252 0
0 0.214364 0
0 0.278451 0
0 0.2313 0
0 0.297688 0
0 0.247468 0
0 0.31596 0
0 0.262863 0
0 0.333272 0
0 0.277487 0
0 0.349641 0
0 0.291352 0
0 0.365088 0
0 0.304474 0
0 0.379644 0
0 0.316874 0
0 0.39334 0
0 0.328577 0
0 0.406213 0
0 0.339612 0
0 -0.273811 0
0 -0.20863 0
0 -0.264653 0
0 -0.201377 0
0 -0.254978 0
0 -0.193757 0
0 -0.244765 0
0 -0.185755 0
0 -0.233997 0
0 -0.177358 0
0 -0.222656 0
0 -0.168557 0
0 -0.210733 0
0 -0.159343 0
0 -0.198219 0
0 -0.149713 0
0 -0.185115 0
0 -0.139666 0
0 -0.171424 0
0 -0.129206 0
0 -0.15716 0
0 -0.118343 0
0 -0.14234 0
0 -0.107091 0
0 -0.126993 0
0 -0.0954692 0
0 -0.111155 0
0 -0.0835036 0
0 -0.0948701 0
0 -0.0712257 0
0 -0.0781904 0
0 -0.0586723 0
0 -0.061176 0
0 -0.0458856 0
0 -0.0438937 0
0 -0.0329122 0
0 -0.0264157 0
0 -0.0198027 0
0 -0.00881859 0
0 -0.00661021 0
0 0.00881862 0
0 0.00661019 0
0 0.0264157 0
0 0.0198026 0
0 0.0438937 0
0 0.0329122 0
0 0.061176 0
0 0.0458856 0
0 0.0781904 0
0 0.0586723 0
0 0.0948701 0
0 0.0712257 0
0 0.111155 0
0 0.0835036 0
0 0.126993 0
0 0.0954691 0
0 0.14234 0
0 0.107091 0
0 0.15716 0
0 0.118343 0
0 0.171424 0
0 0.129206 0
0 0.185115 0
0 0.139666 0
0 0.198219 0
0 0.149713 0
0 0.210733 0
0 0.159343 0
0 0.222656 0
0 0.168557 0
0 0.233997 0
0 0.177358 0
0 0.244765 0
0 0.185755 0
0 0.254978 0
0 0.193757 0
0 0.264653 0
0 0.201377 0
0 0.273811 0
0 0.20863 0
0 -0.14389 0
0 -0.0794146 0
0 -0.138563 0
0 -0.0760239 0
0 -0.133015 0
0 -0.0725598 0
0 -0.12724 0
0 -0.0690197 0
0 -0.121228 0
0 -0.0654012 0
0 -0.114975 0
0 -0.0617022 0
0 -0.108477 0
0 -0.0579215 0
0 -0.10173 0
0 -0.0540584 0
0 -0.0947355 0
0 -0.050113 0
0 -0.0874958 0
0 -0.0460862 0
0 -0.0800165 0
0 -0.0419798 0
0 -0.0723064 0
0 -0.0377969 0
0 -0.0643774 0
0 -0.0335415 0
0 -0.056245 0
0 -0.0292186 0
0 -0.0479278 0
0 -0.0248346 0
0 -0.0394478 0
0 -0.0203967 0
0 -0.0308301 0
0 -0.0159132 0
0 -0.0221022 0
0 -0.0113933 0
0 -0.013294 0
0 -0.00684678 0
0 -0.00443682 0
0 -0.00228411 0
0 0.00443684 0
0 0.0022841 0
0 0.013294 0
0 0.00684677 0
0 0.0221022 0
0 0.0113933 0
0 0.0308301 0
0 0.0159132 0
0 0.0394479 0
0 0.0203967 0
0 0.0479278 0
0 0.0248346 0
0 0.056245 0
0 0.0292186 0
0 0.0643774 0
0 0.0335415 0
0 0.0723064 0
0 0.0377969 0
0 0.0800166 0
0 0.0419798 0
0 0.0874958 0
0 0.0460861 0
0 0.0947355 0
0 0.050113 0
0 0.10173 0
0 0.0540584 0
0 0.108477 0
0 0.0579215 0
0 0.114975 0
0 0.0617022 0
0 0.121228 0
0 0.0654012 0
0 0.12724 0
0 0.0690197 0
0 0.133015 0
0 0.0725598 0
0 0.138563 0
0 0.0760239 0
0 0.14389 0
0 0.0794146 0
Writing headers
Writing atoms
Writing topology
